1	Drake	50,215,709,587	19,481,266,289	262	6	131	256	259	21.09.22
2	Bad Bunny	44,489,696,542	5,398,573,864	163	6	118	157	162	21.09.22
3	Ed Sheeran	38,187,498,674	2,795,136,013	240	10	62	178	217	21.09.22
4	The Weeknd	34,825,528,985	4,294,429,192	186	8	72	146	168	21.09.22
5	Taylor Swift	32,665,745,254	424,518,554	323	1	97	250	314	21.09.22
6	Justin Bieber	32,500,079,767	10,822,208,517	225	6	58	174	197	21.09.22
7	Ariana Grande	32,314,350,245	2,053,603,335	181	8	71	129	175	21.09.22
8	Eminem	30,464,777,234	4,169,742,871	300	5	65	228	268	21.09.22
9	Post Malone	29,860,567,739	2,730,322,593	98	9	57	79	82	21.09.22
10	BTS	28,578,055,615	323,909,422	262	1	99	211	262	21.09.22
11	J Balvin	25,892,190,469	9,950,347,777	242	3	66	147	225	19.09.22
12	Kanye West	25,535,119,184	5,767,153,127	239	1	63	197	221	20.09.22
13	Billie Eilish	23,715,336,599	0	64	4	48	59	63	21.09.22
14	Juice WRLD	23,114,066,243	3,751,941,085	116	3	60	113	115	19.09.22
15	Dua Lipa	22,216,251,120	350,142,046	198	7	36	83	165	21.09.22
16	Coldplay	22,214,835,214	0	299	5	34	175	277	20.09.22
17	Imagine Dragons	21,840,729,338	65,482,523	189	4	41	111	154	21.09.22
18	XXXTENTACION	21,759,712,031	2,549,187,913	144	7	44	108	137	21.09.22
19	Ozuna	21,119,272,574	7,514,655,612	215	1	51	156	197	17.09.22
20	Khalid	20,973,735,166	2,923,419,376	119	7	40	94	111	15.09.22
21	Rihanna	20,782,050,334	6,845,488,276	279	2	46	111	208	21.09.22
22	Travis Scott	20,566,427,073	9,662,107,113	113	4	49	91	108	17.09.22
23	Maroon 5	19,952,566,778	18,447	240	7	31	112	199	17.09.22
24	David Guetta	19,135,240,434	1,199,284,649	707	1	47	151	400	21.09.22
25	Shawn Mendes	18,964,777,185	46,809,153	126	5	34	94	124	19.09.22
26	Bruno Mars	18,201,285,113	3,874,562,483	81	5	32	62	76	06.09.22
27	Daddy Yankee	18,075,604,863	5,656,394,885	360	4	44	105	238	16.09.22
28	Calvin Harris	17,820,311,936	419,338,360	238	3	29	89	192	03.09.22
29	Kendrick Lamar	17,650,726,013	8,647,763,108	121	2	41	112	117	19.09.22
30	Sam Smith	16,898,799,635	277,455,744	146	4	31	84	137	21.09.22
31	Queen	16,572,877,624	35,167,875	557	4	24	96	409	21.09.22
32	Beyoncé	15,617,189,655	2,066,230,842	366	1	36	172	267	21.09.22
33	Adele	15,561,219,687	74,107,163	71	5	28	60	70	19.09.22
34	Future	15,552,849,123	9,255,946,718	504	1	29	232	368	17.09.22
35	One Direction	15,516,115,824	0	124	0	45	100	118	21.09.22
36	The Chainsmokers	15,484,677,966	400,919,869	197	4	27	79	168	13.09.22
37	Chris Brown	15,461,462,541	8,554,270,738	427	0	38	201	359	21.09.22
38	Lady Gaga	14,915,018,492	94,815,229	314	1	27	107	204	21.09.22
39	J. Cole	14,849,857,590	3,309,086,106	137	1	39	111	136	20.09.22
40	Nicki Minaj	14,744,100,678	10,558,501,637	171	2	35	118	162	19.09.22
41	Anuel AA	14,373,811,722	4,594,681,388	160	1	35	134	153	20.09.22
42	Halsey	14,151,726,087	2,459,831,429	180	3	24	100	134	12.09.22
43	The Beatles	14,007,952,517	0	792	0	39	186	458	20.09.22
44	Selena Gomez	13,905,383,000	2,075,330,489	140	3	24	82	126	19.09.22
45	Sia	13,601,270,394	3,054,317,056	323	2	26	106	235	19.09.22
46	Maluma	13,551,469,480	7,414,576,492	195	0	34	132	187	18.08.22
47	Harry Styles	13,383,633,888	1,644,143	39	4	35	37	38	21.09.22
48	Marshmello	13,049,327,287	641,714,533	163	4	19	86	154	15.09.22
49	Lil Uzi Vert	12,985,704,210	8,235,141,311	140	1	33	122	139	19.09.22
50	Linkin Park	12,982,804,175	47,888,446	348	2	30	113	280	20.09.22
51	Twenty One Pilots	12,949,146,668	0	90	3	36	75	88	18.09.22
52	Rauw Alejandro	12,914,088,970	1,924,490,635	182	0	34	106	151	18.09.22
53	Katy Perry	12,645,555,285	1,218,635,831	179	0	30	88	145	21.09.22
54	Kygo	12,566,778,960	1,136,144,224	106	1	30	88	105	20.09.22
55	Avicii	12,484,875,427	456,987,347	248	3	18	88	158	20.09.22
56	Lana Del Rey	12,481,902,994	803,901,327	166	0	37	117	154	21.09.22
57	Farruko	11,983,825,654	6,531,990,862	343	1	31	122	294	31.07.22
58	Doja Cat	11,973,361,879	1,669,029,614	85	3	25	66	82	19.09.22
59	Camila Cabello	11,832,794,472	2,189,704,074	61	2	24	45	57	21.09.22
60	Jason Derulo	11,262,694,386	742,144,326	197	0	28	67	136	08.09.22
61	Arctic Monkeys	11,261,009,308	0	134	1	24	87	134	20.09.22
62	KAROL G	11,188,157,903	553,938,374	85	2	29	69	80	20.09.22
63	Red Hot Chili Peppers	11,022,999,935	0	266	0	17	121	229	21.09.22
64	Shakira	10,797,404,363	1,257,395,100	232	1	25	89	199	21.09.22
65	Demi Lovato	10,678,105,560	1,426,153,280	251	1	23	98	208	21.09.22
66	Miley Cyrus	9,955,671,933	931,984,210	197	1	17	87	174	21.09.22
67	OneRepublic	9,926,540,057	219,314,451	167	1	27	77	138	28.08.22
68	Nicky Jam	9,861,155,500	9,052,517,716	220	0	27	89	157	31.07.22
69	Michael Jackson	9,766,052,234	547,509,584	327	1	21	91	231	21.09.22
70	Lil Baby	9,670,090,585	8,736,714,891	181	1	21	124	170	19.09.22
71	Myke Towers	9,667,486,409	4,145,835,762	168	0	28	103	159	20.09.22
72	Charlie Puth	9,585,925,228	231,747,643	109	3	14	58	98	21.09.22
73	Pitbull	9,426,002,918	3,062,823,873	394	1	21	84	216	10.09.22
74	Martin Garrix	9,390,213,325	87,715,051	199	2	19	81	158	17.09.22
75	Sebastian Yatra	9,365,402,828	850,201,743	126	0	30	83	115	19.09.22
76	DaBaby	9,326,324,913	4,757,336,377	157	2	18	83	142	18.09.22
77	21 Savage	9,289,820,129	6,019,152,179	162	0	24	92	133	19.09.22
78	Mac Miller	9,187,372,325	699,621,455	221	0	21	131	205	13.09.22
79	Panic! At The Disco	9,107,446,450	669,606,481	146	1	20	79	129	06.09.22
80	Pop Smoke	9,097,323,859	930,302,921	99	0	19	84	98	06.09.22
81	Cardi B	9,075,552,363	6,168,283,337	70	2	18	54	68	20.09.22
82	Sech	9,011,436,885	2,900,320,709	123	0	25	72	109	31.07.22
83	Lil Wayne	8,970,128,688	14,160,244,567	476	0	19	116	325	17.09.22
84	Olivia Rodrigo	8,963,688,803	1,693,385	37	2	13	25	34	20.09.22
85	Young Thug	8,956,248,071	9,576,540,270	366	0	20	134	220	17.09.22
86	Metallica	8,890,283,866	7,116,668	814	0	16	110	282	19.09.22
87	G-Eazy	8,847,885,490	2,309,356,739	224	1	17	112	207	25.08.22
88	Ellie Goulding	8,826,849,897	639,400,676	167	1	16	70	133	06.09.22
89	Lil Nas X	8,778,149,366	0	34	3	11	31	33	16.09.22
90	Major Lazer	8,758,754,488	614,069,138	269	3	14	69	171	05.09.22
91	Alan Walker	8,727,932,813	1,852,490,942	170	1	18	69	133	01.09.22
92	Wiz Khalifa	8,695,422,254	7,040,015,281	461	1	19	106	321	18.09.22
93	Lil Peep	8,691,721,490	335,277,695	104	0	23	89	104	18.09.22
94	Diplo	8,496,096,848	1,757,002,014	397	0	24	90	219	13.09.22
95	Fall Out Boy	8,473,807,946	38,817,084	199	0	18	96	166	20.09.22
96	Elton John	8,453,517,928	318,527,981	938	1	17	65	271	21.09.22
97	AC/DC	8,283,420,177	0	313	3	10	85	245	19.09.22
98	P!nk	8,254,399,870	664,706,383	227	0	23	83	166	21.09.22
99	John Mayer	8,243,443,329	514,893,335	208	0	20	117	184	16.09.22
100	Logic	8,221,159,539	1,940,369,157	193	1	14	125	183	11.09.22
101	Migos	8,212,730,428	3,413,743,336	283	0	18	88	187	20.09.22
102	Trippie Redd	8,169,854,684	3,237,110,398	197	0	24	127	180	15.09.22
103	Gunna	8,136,453,038	4,669,227,285	178	2	15	109	167	14.09.22
104	Tyga	8,136,081,475	4,144,077,151	303	1	20	104	260	31.07.22
105	James Arthur	8,094,663,482	77,343,574	147	1	14	63	127	18.09.22
106	Little Mix	8,031,810,970	12,410,476	205	0	21	103	159	21.09.22
107	Macklemore	7,934,784,607	83,073,903	103	1	13	63	96	20.09.22
108	ZAYN	7,931,681,470	238,901,756	85	3	16	68	84	20.09.22
109	DJ Snake	7,893,987,604	1,942,695,289	142	2	11	56	103	31.07.22
110	Lauv	7,860,150,086	147,385,883	108	1	21	63	93	12.08.22
111	Kodak Black	7,858,173,795	1,936,671,476	243	0	16	91	227	21.09.22
112	Tyler, The Creator	7,852,572,852	1,592,057,360	154	0	21	93	111	18.09.22
113	Frank Ocean	7,842,180,179	2,342,080,949	45	0	23	45	45	19.09.22
114	A$AP Rocky	7,788,610,912	5,156,511,594	99	0	19	73	93	20.09.22
115	YoungBoy Never Broke Again	7,762,762,379	1,355,024,452	416	0	8	190	356	19.09.22
116	NF	7,715,473,739	135,847,234	81	1	18	81	81	12.09.22
117	Tiësto	7,713,821,346	760,009,949	653	0	16	87	313	21.08.22
118	5 Seconds of Summer	7,679,042,759	523,860,412	166	1	14	99	161	21.09.22
119	A Boogie Wit da Hoodie	7,634,446,872	3,249,718,029	138	0	17	100	133	14.09.22
120	Zedd	7,585,730,125	1,008,114,646	139	3	14	43	99	21.08.22
121	Robin Schulz	7,516,223,652	316,151,922	225	1	15	55	156	21.09.22
122	Romeo Santos	7,485,543,396	1,125,011,362	146	0	21	79	120	16.09.22
123	Green Day	7,403,734,026	536,841	374	0	13	84	307	16.09.22
124	$uicideboy$	7,392,060,042	255,581,637	313	0	13	150	310	18.09.22
125	DJ Khaled	7,384,719,519	188,841,600	186	1	14	70	144	20.09.22
126	Nirvana	7,305,516,064	1,138,923	347	1	14	59	244	21.09.22
127	SZA	7,274,845,271	2,160,662,341	49	2	18	37	48	20.09.22
128	Luis Miguel	7,267,478,981	2,583,720	312	0	17	125	265	16.09.22
129	Metro Boomin	7,262,115,562	209,872,990	118	1	18	72	93	31.07.22
130	BLACKPINK	7,258,093,350	526,857,151	103	0	22	47	103	21.09.22
131	Justin Timberlake	7,231,786,140	2,169,125,586	172	1	13	69	115	20.09.22
132	Bob Marley & The Wailers	7,206,364,367	56,737,031	618	0	13	74	350	29.08.22
133	Machine Gun Kelly	7,175,506,952	1,017,993,010	141	0	14	112	132	15.09.22
134	blackbear	7,107,987,469	1,743,247,445	162	1	14	106	144	22.08.22
135	Black Eyed Peas	7,055,175,439	88,656,205	213	0	13	47	128	18.09.22
136	Anne-Marie	6,995,284,822	797,700,433	136	3	12	44	102	19.09.22
137	Lewis Capaldi	6,958,006,277	1,385	48	2	10	28	44	31.08.22
138	Clean Bandit	6,956,364,284	24,677,721	176	3	10	40	126	31.07.22
139	JAY-Z	6,923,840,435	5,959,218,358	306	0	13	83	238	17.09.22
140	Marília Mendonça	6,909,001,088	1,549,217,519	122	0	23	107	116	20.09.22
141	Zara Larsson	6,878,581,725	510,565,925	85	2	13	45	79	13.09.22
142	Bebe Rexha	6,836,453,644	3,954,204,862	113	2	14	55	92	13.09.22
143	Anitta	6,801,733,116	1,407,362,033	175	0	20	88	162	02.09.22
144	Enrique Iglesias	6,771,955,691	340,979,147	282	0	13	73	181	21.09.22
145	Fleetwood Mac	6,753,161,276	563,244	768	1	11	46	236	13.09.22
146	Pink Floyd	6,732,010,728	0	439	0	13	99	288	20.09.22
147	The Rolling Stones	6,727,427,341	6,784,031	1,073	0	14	66	386	17.09.22
148	The Neighbourhood	6,718,687,991	1,183,878	90	1	12	70	90	12.08.22
149	Britney Spears	6,681,159,921	690,309,468	292	0	19	63	177	21.09.22
150	The Kid LAROI	6,667,881,845	850,607,375	49	1	16	45	47	20.09.22
151	Michael Bublé	6,667,559,320	313,876,033	239	0	18	96	195	12.09.22
152	Guns N' Roses	6,619,994,931	0	139	1	10	59	107	20.09.22
153	Flo Rida	6,555,092,666	1,786,418,102	229	0	11	43	98	31.07.22
154	Camilo	6,519,784,854	887,878,975	49	0	20	39	45	13.09.22
155	Ty Dolla $ign	6,503,653,017	10,647,843,904	191	0	14	78	163	03.09.22
156	Kid Cudi	6,488,863,340	1,505,742,485	160	0	12	91	154	08.09.22
157	Disney	6,480,840,953	819,435,187	529	0	14	102	326	31.07.22
158	Becky G	6,442,851,232	1,302,993,766	110	0	16	58	102	21.09.22
159	Jonas Blue	6,422,049,491	111,388,929	165	0	9	37	103	31.07.22
160	Russ	6,409,448,257	120,435,639	368	0	14	111	263	31.08.22
161	Luis Fonsi	6,388,525,172	444,209,070	187	2	10	40	121	11.08.22
162	2Pac	6,328,173,362	345,066,838	316	0	16	76	237	06.09.22
163	Reik	6,327,803,667	330,177,113	172	0	16	71	145	31.07.22
164	Gorillaz	6,261,755,161	1,332,203	283	0	11	101	199	21.09.22
165	50 Cent	6,248,846,278	2,758,573,236	185	0	14	62	129	16.09.22
166	Childish Gambino	6,247,735,359	604,415,192	86	1	13	64	85	18.08.22
167	Ava Max	6,191,597,218	222,783,418	105	1	15	39	74	21.09.22
168	Jhay Cortez	6,170,553,828	1,249,018,420	82	1	11	50	81	20.08.22
169	Joji	6,166,251,940	724,211,820	52	0	17	43	52	21.09.22
170	Bastille	6,158,728,878	156,539,720	205	2	10	76	157	09.09.22
171	Polo G	6,136,158,071	2,095,079,434	75	0	14	69	75	31.07.22
172	Lorde	6,012,129,665	286,646,668	58	0	19	43	54	21.09.22
173	Usher	5,981,518,153	3,241,074,771	257	0	15	55	162	15.09.22
174	Hozier	5,967,126,876	0	69	1	14	43	66	18.09.22
175	David Bowie	5,960,976,370	35,086,750	1,315	1	12	60	309	13.09.22
176	Banda MS de Sergio Lizárraga	5,924,856,095	5,520,822	216	0	19	99	198	31.07.22
177	Mariah Carey	5,894,150,126	401,406,056	660	1	12	68	254	21.09.22
178	Luke Combs	5,890,199,848	150,384,172	68	0	15	58	67	21.08.22
179	Skrillex	5,881,756,686	1,640,865,351	149	0	14	74	133	31.07.22
180	Christian Nodal	5,835,820,936	409,256,344	69	0	18	56	69	20.08.22
181	Big Sean	5,825,180,005	6,225,894,402	166	0	13	74	128	20.09.22
182	The Killers	5,774,550,053	359,729	213	1	11	68	152	18.09.22
183	Alessia Cara	5,768,256,100	2,748,095,478	138	2	8	41	91	04.09.22
184	Foo Fighters	5,761,240,710	0	237	0	12	76	166	15.09.22
185	Playboi Carti	5,756,121,719	1,679,604,284	82	0	14	64	75	17.09.22
186	French Montana	5,687,956,941	3,407,044,954	672	1	11	58	168	05.08.22
187	Tory Lanez	5,657,531,451	2,622,981,646	256	0	12	91	217	08.09.22
188	Jack Harlow	5,653,905,092	321,831,380	97	1	11	49	94	21.09.22
189	U2	5,622,227,589	303,372,985	522	0	8	81	303	18.09.22
190	Manuel Turizo	5,610,907,877	2,311,637,889	66	0	17	48	65	26.08.22
191	Meek Mill	5,609,538,227	1,900,550,120	440	0	9	93	193	12.09.22
192	Labrinth	5,598,152,866	403,267,734	150	0	14	46	105	20.09.22
193	blink-182	5,568,505,079	66,190,562	185	0	10	94	177	14.09.22
194	Led Zeppelin	5,554,421,214	118,988	241	0	13	66	195	18.09.22
195	Daft Punk	5,551,691,330	3,320,364,189	190	0	12	77	142	24.08.22
196	Radiohead	5,542,698,748	2,210,119	233	0	8	94	201	21.09.22
197	TWICE	5,513,351,760	39,587,994	222	0	14	106	194	20.09.22
198	Jorge & Mateus	5,486,263,204	1,108,375,019	280	0	11	105	262	12.09.22
199	Henrique & Juliano	5,466,963,460	812,748,773	177	0	14	121	170	12.09.22
200	Roddy Ricch	5,446,354,074	3,489,978,704	61	1	15	38	60	20.09.22
201	Elvis Presley	5,442,877,510	5,634,626	1,855	0	11	75	392	03.09.22
202	Meghan Trainor	5,418,874,209	1,025,879,971	141	0	11	54	115	18.09.22
203	Morgan Wallen	5,410,105,641	526,259,183	60	0	18	59	60	21.09.22
204	Paulo Londra	5,408,739,140	119,832,137	37	0	16	34	37	16.09.22
205	John Legend	5,384,405,995	2,403,169,234	249	1	8	66	192	31.07.22
206	Frank Sinatra	5,382,091,415	77,042,747	2,171	0	13	83	344	14.08.22
207	Don Omar	5,374,011,725	1,957,856,299	237	0	13	57	127	08.09.22
208	System Of A Down	5,306,747,245	997,641	83	0	10	69	78	18.08.22
209	Megan Thee Stallion	5,282,711,414	1,659,247,318	131	1	12	54	115	21.09.22
210	Rita Ora	5,257,167,753	709,421,106	133	0	14	40	89	19.09.22
211	The 1975	5,232,430,866	156,055,221	136	0	13	78	133	13.09.22
212	Rae Sremmurd	5,226,974,030	544,047,899	62	0	13	42	61	08.09.22
213	Tame Impala	5,214,042,684	174,098,397	101	1	11	63	87	20.09.22
214	Melanie Martinez	5,200,953,173	5,254,571	58	0	17	42	58	21.09.22
215	Muse	5,181,150,140	6,402,079	253	0	11	90	191	10.09.22
216	Gucci Mane	5,179,422,858	4,905,865,217	2,117	0	5	84	316	17.08.22
217	Jack Johnson	5,176,854,131	39,660,958	190	0	9	83	171	07.09.22
218	The Notorious B.I.G.	5,171,977,853	699,574,957	185	0	12	54	123	31.07.22
219	Troye Sivan	5,103,726,645	873,635,526	105	0	12	54	86	19.09.22
220	Bon Jovi	5,101,338,141	1,335,247	329	1	9	47	192	17.09.22
221	Paramore	5,095,348,178	0	114	0	11	70	104	14.09.22
222	Mumford & Sons	5,088,124,853	18,747,880	121	0	12	67	111	15.09.22
223	Bazzi	5,036,674,851	63,249,651	54	0	12	33	41	21.09.22
224	ABBA	5,004,152,913	146,654	160	0	14	53	140	01.09.22
225	6ix9ine	4,988,907,666	1,117,326,282	57	0	16	35	52	14.09.22
226	Slipknot	4,980,473,881	0	208	0	10	77	181	11.08.22
227	Gusttavo Lima	4,938,141,476	876,355,276	287	0	9	114	233	26.08.22
228	Oasis	4,924,851,582	1,134	237	1	7	49	191	19.09.22
229	Morat	4,919,640,815	436,178,161	74	0	15	64	72	31.08.22
230	Sean Paul	4,910,936,441	3,853,999,824	400	0	10	48	162	31.07.22
231	Felix Jaehn	4,901,374,743	194,535,961	172	1	12	38	101	31.07.22
232	The Lumineers	4,894,719,810	0	86	0	8	52	80	29.08.22
233	Justin Quiles	4,878,976,278	4,310,489,285	163	0	14	69	127	31.07.22
234	Dalex	4,871,872,181	1,036,388,958	129	0	15	44	100	03.09.22
235	Duki	4,869,537,547	937,757,024	147	0	13	76	135	12.09.22
236	Swae Lee	4,836,929,180	5,692,666,319	59	1	10	33	56	31.07.22
237	Hailee Steinfeld	4,815,845,560	606,712,238	31	1	10	19	28	19.09.22
238	Julia Michaels	4,811,539,257	1,690,872,391	65	1	7	39	62	16.09.22
239	Rammstein	4,781,710,534	3,762,124	245	0	10	88	189	27.08.22
240	Alicia Keys	4,777,678,003	1,427,914,798	253	0	8	56	176	17.09.22
241	Alok	4,738,018,362	231,488,539	212	0	12	75	136	29.08.22
242	Madonna	4,724,624,550	138,923,144	762	0	7	71	334	21.09.22
243	Jess Glynne	4,712,325,038	543,326,342	82	1	10	33	60	18.09.22
244	Zion & Lennox	4,710,887,632	2,887,125,495	159	0	11	47	91	31.07.22
245	Disclosure	4,690,114,197	24,281,620	186	0	7	55	127	31.07.22
246	Christina Aguilera	4,686,000,540	1,808,585,763	281	0	9	54	165	19.08.22
247	Kings of Leon	4,669,462,543	0	121	0	8	68	107	18.09.22
248	6LACK	4,650,333,571	952,817,602	79	0	10	63	79	03.09.22
249	Cheat Codes	4,629,305,378	313,902,252	151	0	7	44	92	31.07.22
250	Tove Lo	4,629,278,952	1,360,259,448	144	0	7	65	108	09.09.22
251	Florence + The Machine	4,623,650,408	380,091	160	0	9	83	142	21.09.22
252	Creedence Clearwater Revival	4,623,595,600	0	145	0	11	38	124	23.08.22
253	Florida Georgia Line	4,609,041,041	2,478,742,591	124	0	15	66	92	21.08.22
254	My Chemical Romance	4,607,083,284	0	139	0	11	58	117	14.09.22
255	Alesso	4,597,495,128	137,641,031	129	0	10	39	94	13.08.22
256	Arijit Singh	4,573,567,798	939,497,796	572	0	4	112	261	01.09.22
257	Glass Animals	4,554,159,224	4,423,329	109	1	6	45	79	15.09.22
258	The Script	4,553,052,747	1,343,266	99	1	8	51	88	12.09.22
259	Zé Neto & Cristiano	4,540,609,590	463,313,203	169	0	13	85	148	12.09.22
260	Whitney Houston	4,524,229,413	14,243,812	282	0	9	39	148	21.09.22
261	Chance the Rapper	4,517,223,691	3,118,921,754	105	0	12	50	89	05.09.22
262	Piso 21	4,511,325,667	62,804,762	86	0	12	33	76	31.07.22
263	Five Finger Death Punch	4,506,617,068	0	138	0	9	90	135	31.07.22
264	Bruce Springsteen	4,480,464,759	47,313,864	821	0	10	60	392	11.09.22
265	Arcangel	4,475,257,907	5,081,836,495	244	0	11	59	199	11.08.22
266	Fifth Harmony	4,469,842,534	264,728,453	75	1	7	47	75	21.09.22
267	Nickelback	4,469,299,972	0	150	0	12	58	106	06.09.22
268	Lenny Tavárez	4,449,161,492	3,924,285,642	94	0	10	51	86	31.07.22
269	Jason Mraz	4,439,148,339	98,804,484	238	1	6	49	155	31.07.22
270	Galantis	4,427,621,050	102,139,066	243	0	8	52	156	31.07.22
271	Avril Lavigne	4,418,987,832	25,567,335	154	0	10	64	123	10.09.22
272	Bring Me The Horizon	4,378,679,150	86,213,177	141	0	11	67	136	21.09.22
273	Glee Cast	4,375,931,294	0	723	0	0	103	615	23.08.22
274	Ne-Yo	4,368,629,006	2,245,144,528	204	0	10	35	136	31.07.22
275	Lil Durk	4,367,616,218	3,009,354,038	359	0	6	90	270	17.09.22
276	Kane Brown	4,364,488,364	29,797,048	98	0	10	57	89	31.07.22
277	Kehlani	4,361,626,721	2,028,969,469	124	0	10	77	111	09.08.22
278	Kevin Gates	4,359,021,971	739,286,985	314	0	6	111	232	07.08.22
279	Niall Horan	4,338,726,666	517,135,427	69	0	11	39	65	19.09.22
280	Bryson Tiller	4,330,601,767	1,295,854,047	70	0	8	53	69	05.09.22
281	Jonas Brothers	4,329,888,033	498,204,068	95	1	9	39	88	07.08.22
282	Bizarrap	4,326,642,648	503,968,381	87	0	12	63	86	14.09.22
283	Capital Bra	4,317,253,980	673,800,705	276	0	9	90	207	07.08.22
284	Lil Tjay	4,313,086,274	1,884,183,028	65	0	11	53	65	31.07.22
285	Snoop Dogg	4,300,203,668	6,192,858,304	726	1	7	49	274	25.08.22
286	Macklemore & Ryan Lewis	4,290,529,937	4,265,483	48	1	6	31	48	04.09.22
287	Lil Tecca	4,273,063,329	302,858,918	79	1	11	43	78	12.09.22
288	Luke Bryan	4,267,128,439	540,870,550	149	0	14	60	124	01.08.22
289	Natti Natasha	4,253,199,571	2,141,323,366	93	0	9	44	72	17.09.22
290	Wisin	4,226,257,427	5,360,562,962	131	0	10	43	101	18.08.22
291	Aerosmith	4,219,398,737	0	318	0	9	31	158	17.09.22
292	Vance Joy	4,216,274,820	0	87	1	9	39	67	01.08.22
293	Kelly Clarkson	4,207,783,336	231,053,258	329	0	8	43	145	20.09.22
294	Alejandro Fernández	4,201,269,620	352,247,735	313	0	11	71	240	31.07.22
295	Stevie Wonder	4,196,723,912	301,358,086	657	0	11	51	165	11.09.22
296	Jennifer Lopez	4,192,047,969	1,098,564,852	240	0	13	51	131	21.09.22
297	Thomas Rhett	4,191,597,927	253,703,247	121	0	15	58	110	21.09.22
298	Johnny Cash	4,174,390,143	163,740,766	1,679	0	7	62	270	19.08.22
299	Maná	4,119,964,379	63,757,921	220	0	12	54	152	18.08.22
300	Ryan Lewis	4,110,355,782	43,371,022	33	1	6	30	32	31.07.22
301	Hans Zimmer	4,092,359,874	28,889,985	1,545	0	3	82	556	31.07.22
302	NAV	4,088,499,280	2,047,656,950	117	0	10	73	116	08.09.22
303	Lil Pump	4,054,627,650	489,787,370	74	0	10	39	56	31.07.22
304	Pearl Jam	4,052,231,789	1,714,468	2,127	0	9	56	241	31.07.22
305	James Bay	4,051,355,922	4,322,506	90	0	9	40	71	12.08.22
306	Disturbed	4,034,857,022	0	173	0	6	72	146	31.07.22
307	YG	4,034,206,176	2,483,928,402	198	0	8	71	138	31.07.22
308	Amy Winehouse	4,031,934,612	271,439,246	157	0	7	51	97	21.09.22
309	Wisin & Yandel	4,004,531,845	1,138,129,281	293	0	12	52	143	31.07.22
310	YNW Melly	3,991,996,348	358,365,119	83	0	9	36	80	31.07.22
311	Lil Skies	3,968,361,888	771,922,724	75	0	9	49	74	22.08.22
312	Kesha	3,964,037,866	1,967,611,420	139	0	10	42	105	20.09.22
313	Nio Garcia	3,960,430,779	148,061,782	124	0	7	33	95	31.07.22
314	Tones And I	3,957,800,698	0	33	1	5	16	30	17.09.22
315	Backstreet Boys	3,949,466,238	190,415,468	145	1	8	41	123	18.09.22
316	Aventura	3,943,857,084	277,731	123	0	12	42	104	01.09.22
317	Flume	3,942,056,858	71,915,552	145	0	9	57	132	31.07.22
318	Dr. Dre	3,941,098,327	2,333,152,181	75	0	8	27	69	19.09.22
319	Miguel	3,933,509,386	2,281,579,993	145	0	8	50	116	31.07.22
320	Jul	3,931,452,487	1,224,446,142	572	0	0	92	549	18.09.22
321	Lizzo	3,911,061,177	149,519,280	79	0	8	30	64	12.09.22
322	ROSALÍA	3,888,426,466	1,868,321,406	61	0	8	45	60	21.09.22
323	Billy Joel	3,885,486,622	9,486,894	383	0	10	41	146	16.08.22
324	Calibre 50	3,859,723,768	113,438,733	226	0	10	75	169	25.08.22
325	Phil Collins	3,836,785,174	112,543,325	339	0	9	40	154	14.08.22
326	Matheus & Kauan	3,831,562,276	641,789,431	179	0	12	84	168	12.09.22
327	Akon	3,813,017,846	3,443,287,227	207	0	9	40	115	31.07.22
328	Jason Aldean	3,797,816,243	160,198,658	166	0	8	67	150	31.07.22
329	Eagles	3,784,792,723	0	189	1	8	38	117	23.08.22
330	George Ezra	3,745,977,355	36,850	76	0	7	38	65	07.09.22
331	Ninho	3,736,521,075	1,674,038,134	146	0	4	109	127	21.09.22
332	Yandel	3,731,724,067	2,554,750,509	175	0	9	57	145	31.07.22
333	Prince Royce	3,724,376,964	1,410,667,496	127	0	10	56	117	31.07.22
334	The Offspring	3,713,219,015	0	159	0	7	47	129	13.08.22
335	24kGoldn	3,705,648,954	290,659,683	62	1	7	24	56	31.07.22
336	Three Days Grace	3,698,665,397	721,162	96	0	8	59	90	31.07.22
337	Wesley Safadão	3,698,314,476	601,019,965	283	0	6	61	261	31.07.22
338	Anderson .Paak	3,694,145,511	1,286,658,854	152	0	5	72	121	31.07.22
339	The Strokes	3,688,560,624	2,648,075	82	0	6	65	74	07.08.22
340	Don Toliver	3,686,151,351	866,301,010	66	1	5	40	61	05.09.22
341	Conan Gray	3,684,167,999	0	35	0	10	31	35	15.09.22
342	Dan + Shay	3,680,653,230	24,147,013	73	0	9	42	67	03.08.22
343	Rex Orange County	3,678,846,424	355,535,640	58	0	8	39	58	11.09.22
344	Jeremih	3,674,742,679	3,281,118,134	140	0	8	34	93	24.08.22
345	benny blanco	3,661,450,439	15,107,205	23	1	7	14	21	04.09.22
346	Cartel De Santa	3,655,552,123	267,606,780	136	0	10	61	127	10.09.22
347	Avenged Sevenfold	3,634,693,374	3,257,731	163	0	9	64	137	31.07.22
348	Céline Dion	3,630,375,878	50,038,245	492	0	9	58	255	21.09.22
349	Ricardo Arjona	3,629,270,035	8,921,931	341	0	3	74	277	31.07.22
350	Måneskin	3,610,738,987	3,897,748	33	1	7	30	32	21.09.22
351	Alejandro Sanz	3,592,290,895	587,226,747	380	0	6	53	214	31.07.22
352	Lin-Manuel Miranda	3,592,135,787	216,187,104	95	0	14	41	75	31.07.22
353	Ricky Martin	3,568,196,300	432,369,723	278	0	8	52	139	15.09.22
354	Jessie J	3,563,453,628	62,274,328	117	1	7	33	97	13.09.22
355	Lost Frequencies	3,556,401,142	220,041,761	421	0	10	28	128	31.07.22
356	Danny Ocean	3,541,587,214	212,269,360	61	1	8	26	51	10.09.22
357	Maiara & Maraisa	3,531,976,169	696,402,369	156	0	12	65	153	10.08.22
358	Steve Aoki	3,527,393,369	1,573,332,853	437	0	6	68	220	31.07.22
359	Lil Mosey	3,517,585,999	510,562,639	50	1	5	34	49	31.07.22
360	Marc Anthony	3,504,819,748	1,787,712,041	197	0	8	66	146	08.09.22
361	H.E.R.	3,476,314,834	536,664,582	102	0	8	56	94	31.07.22
362	Nelly	3,464,996,085	590,547,737	211	0	9	33	101	15.09.22
363	Charli XCX	3,464,311,470	1,428,087,388	219	0	8	53	152	17.09.22
364	Pablo Alborán	3,437,809,914	249,490,424	173	0	8	62	162	16.09.22
365	2 Chainz	3,429,709,034	8,856,588,275	409	0	7	55	173	31.07.22
366	Train	3,423,789,545	1,222,045	185	1	8	22	86	31.07.22
367	Passenger	3,415,074,486	1,954,168	233	1	2	46	185	31.07.22
368	Lukas Graham	3,410,790,500	170,064,346	66	1	4	27	56	31.07.22
369	Tate McRae	3,404,101,082	4,605,712	53	1	8	34	51	20.09.22
370	CNCO	3,401,746,662	242,081,088	89	0	7	46	75	21.09.22
371	Mark Ronson	3,400,585,305	1,308,595,628	151	1	4	24	81	31.07.22
372	Foster The People	3,393,389,914	38,187,902	96	1	7	37	72	31.07.22
373	Calum Scott	3,392,200,109	31,956,312	84	0	6	26	63	31.07.22
374	Dire Straits	3,390,427,781	4,148,126	107	0	5	47	97	19.09.22
375	Alec Benjamin	3,389,530,976	35,922,216	46	1	8	33	45	26.08.22
376	Daniel Caesar	3,387,218,135	1,362,976,869	37	0	8	36	36	31.07.22
377	Bee Gees	3,383,127,730	66,041,717	470	0	6	37	114	27.08.22
378	Bryan Adams	3,365,887,458	156,485,067	394	0	8	37	135	10.09.22
379	Summer Walker	3,363,193,393	985,243,090	91	0	9	62	78	11.09.22
380	Trey Songz	3,357,005,694	1,425,682,954	268	0	7	58	185	16.09.22
381	Bob Dylan	3,352,960,099	240,578	1,308	0	6	47	332	13.09.22
382	Grupo Firme	3,348,434,531	590,914,515	205	0	8	59	136	31.07.22
383	Armin van Buuren	3,340,463,682	207,614,081	2,051	0	4	57	326	21.08.22
384	Rels B	3,327,775,726	160,465,882	107	0	5	72	105	31.07.22
385	Pentatonix	3,290,846,786	4,905,089	201	0	2	99	180	20.09.22
386	Boyce Avenue	3,287,510,482	178,343	450	0	3	78	352	20.09.22
387	Ski Mask The Slump God	3,276,018,075	1,230,946,971	73	0	7	44	71	19.09.22
388	R3HAB	3,274,814,964	1,477,724,780	336	0	4	67	219	31.07.22
389	LANY	3,270,335,409	291,133,196	86	0	8	63	83	17.08.22
390	Tainy	3,255,357,184	1,513,643,893	44	1	5	19	38	06.09.22
391	PARTYNEXTDOOR	3,243,038,851	1,883,084,007	80	0	9	48	80	31.07.22
392	La Arrolladora Banda El Limón De Rene Camacho	3,236,920,653	11,317,836	332	0	5	71	247	21.08.22
393	James Blunt	3,226,977,012	19,731,661	172	0	6	47	112	31.07.22
394	The Police	3,222,974,290	97,361	122	1	7	22	84	16.09.22
395	Cage The Elephant	3,219,794,411	0	109	0	6	45	85	14.08.22
396	Fetty Wap	3,217,362,515	1,630,164,505	138	0	7	36	88	06.08.22
397	Jeremy Zucker	3,215,507,829	147,246,349	96	0	8	37	87	31.07.22
398	Dean Lewis	3,212,555,492	1,869,366	48	1	6	28	41	31.07.22
399	John Williams	3,211,135,011	12,817,295	2,410	0	2	40	366	31.07.22
400	Bibi Blocksberg	3,207,503,226	154,866	5,203	0	0	1	657	08.07.22
401	ScHoolboy Q	3,196,303,156	2,020,804,789	89	0	8	50	85	21.09.22
402	Outkast	3,196,044,035	154,837,814	222	0	6	25	131	31.07.22
403	Becky Hill	3,194,644,880	23,192,168	195	0	10	29	89	16.09.22
404	Sam Hunt	3,189,888,914	26,562,318	61	0	8	34	56	31.07.22
405	Sigala	3,182,931,037	52,317,848	118	0	9	33	75	31.07.22
406	Carlos Vives	3,181,877,775	262,695,642	276	0	6	38	162	31.07.22
407	Jhené Aiko	3,178,645,401	2,799,659,597	114	0	7	69	99	19.09.22
408	Rudimental	3,160,482,589	23,161,213	208	0	6	30	116	31.07.22
409	Marvin Gaye	3,143,836,699	43,420,916	750	0	7	25	119	31.07.22
410	Offset	3,141,568,579	5,752,334,794	53	1	7	31	40	15.09.22
411	Stray Kids	3,129,531,116	32,142,579	169	0	5	98	162	21.09.22
412	Sam Feldt	3,107,699,941	274,381,835	173	0	6	54	124	31.07.22
413	Iron Maiden	3,103,589,124	0	426	0	7	50	270	19.09.22
414	Zac Brown Band	3,100,596,570	11,850,243	141	0	7	48	114	31.07.22
415	Jax Jones	3,080,700,501	346,138,053	89	0	12	21	56	31.07.22
416	ILLENIUM	3,076,454,009	159,133,075	218	0	4	57	156	31.07.22
417	Joan Sebastian	3,063,649,523	38,820,969	506	0	8	50	279	31.07.22
418	Hillsong Worship	3,062,386,056	0	847	0	4	73	336	31.07.22
419	Kali Uchis	3,061,225,759	1,688,838,045	68	0	4	49	64	21.09.22
420	RAF Camora	3,058,718,156	1,109,575,416	408	0	5	64	161	21.09.22
421	Skillet	3,050,996,601	51,241	195	0	7	50	123	01.09.22
422	Juanes	3,046,714,537	1,857,708,549	201	0	8	36	118	31.07.22
423	Blake Shelton	3,044,373,576	258,436,553	203	0	9	43	136	07.09.22
424	alt-J	3,025,145,409	1,235,847	145	0	8	41	94	31.07.22
425	Chris Stapleton	3,024,791,697	671,546,410	60	0	9	47	58	01.08.22
426	Lil Yachty	3,023,049,234	4,976,298,939	190	0	6	53	166	31.07.22
427	Quavo	3,022,133,428	10,169,785,611	85	0	8	49	71	14.09.22
428	Los Ángeles Azules	3,020,957,267	118,023,284	303	0	6	57	118	15.08.22
429	NLE Choppa	3,018,674,271	645,208,619	125	0	5	45	103	25.08.22
430	Feid	3,009,497,561	2,402,266,007	146	0	5	56	112	16.09.22
431	Journey	3,008,391,718	5,104	278	1	5	20	96	17.09.22
432	The Vamps	3,006,139,960	0	148	0	8	38	116	31.07.22
433	BROCKHAMPTON	3,002,168,774	0	113	0	5	72	109	31.07.22
434	Soda Stereo	3,000,230,369	8,038	198	0	5	55	174	18.09.22
435	The Black Keys	2,995,726,401	0	199	0	5	56	148	03.09.22
436	Liam Payne	2,990,601,102	16,921,292	51	0	8	17	39	19.09.22
437	Mike Posner	2,987,016,135	294,397,262	183	1	4	20	70	26.08.22
438	Weezer	2,970,962,554	5,793,317	271	0	4	49	201	24.08.22
439	Korn	2,968,839,699	10,675,742	293	0	5	50	206	05.09.22
440	El Alfa	2,966,087,446	631,942,739	193	0	9	48	139	16.09.22
441	Tim McGraw	2,964,965,833	61,871,037	318	0	7	55	131	11.08.22
442	Madison Beer	2,959,612,664	172,140,943	54	0	11	27	47	21.09.22
443	Imanbek	2,957,190,912	33,492,366	65	1	5	22	47	08.09.22
444	Rise Against	2,955,084,542	2,832	185	0	5	55	169	04.09.22
445	The Doors	2,953,574,273	40,108,907	724	0	7	48	142	11.09.22
446	Bonez MC	2,945,211,997	1,649,276,836	181	0	5	60	136	21.09.22
447	Maren Morris	2,940,819,852	557,005,819	68	1	6	24	56	31.07.22
448	Mau y Ricky	2,936,936,952	289,977,178	66	0	6	37	64	31.07.22
449	Maria Becerra	2,932,082,751	386,453,707	43	0	6	37	43	21.09.22
450	Bon Iver	2,928,247,210	1,033,581,632	50	0	7	37	45	31.07.22
451	Lunay	2,925,162,457	852,471,310	59	0	9	29	56	18.08.22
452	Carly Rae Jepsen	2,921,086,654	64,359,370	141	0	5	33	103	19.09.22
453	Why Don't We	2,917,638,636	89,148,716	99	0	8	58	87	19.08.22
454	Vicente Fernández	2,910,574,978	110,286,112	865	0	4	57	331	31.07.22
455	A$AP Ferg	2,903,470,782	1,231,473,289	96	0	6	45	89	11.09.22
456	PNL	2,902,530,908	0	72	0	5	67	72	21.09.22
457	Juan Gabriel	2,901,846,633	117,414,049	482	0	5	61	241	31.07.22
458	JP Cooper	2,895,291,874	93,642,193	144	0	4	32	93	31.07.22
459	The Cure	2,882,831,026	1,392,662	545	0	6	30	179	14.08.22
460	Mabel	2,874,150,906	6,356,039	145	0	7	22	83	30.08.22
461	Birdy	2,870,283,943	89,868,830	112	0	8	37	96	21.09.22
462	Papa Roach	2,861,296,786	47,604,194	236	0	4	43	154	31.07.22
463	MARINA	2,860,314,714	7,217,203	121	0	7	52	96	19.09.22
464	Jesse & Joy	2,856,285,668	372,360,483	124	0	11	40	92	20.09.22
465	T.I.	2,848,098,002	2,697,349,745	440	0	6	40	206	19.09.22
466	SAINt JHN	2,841,651,735	129,315,690	55	1	3	38	55	31.07.22
467	Bradley Cooper	2,832,555,130	379,310	12	1	4	10	10	18.09.22
468	Noah Cyrus	2,813,340,209	126,341,627	74	0	6	31	62	19.09.22
469	C. Tangana	2,808,496,289	163,895,171	81	0	9	50	79	18.09.22
470	MEDUZA	2,806,488,850	18,087,230	55	0	5	13	36	31.07.22
471	Ludovico Einaudi	2,791,367,383	1,864,671	565	0	5	55	262	31.07.22
472	Depeche Mode	2,784,128,682	412,040	709	0	3	44	275	08.09.22
473	Destiny's Child	2,775,187,867	18,586,700	183	0	8	20	89	17.09.22
474	Kenny Chesney	2,772,827,226	179,697,625	277	0	3	51	194	10.08.22
475	Paul McCartney	2,767,237,931	402,177,790	918	0	5	28	183	14.09.22
476	Norah Jones	2,759,730,744	132,320,973	298	0	4	59	152	20.09.22
477	Eric Church	2,759,312,007	301,094,645	286	0	4	53	116	31.07.22
478	Eric Clapton	2,754,331,470	205,326,155	698	0	6	31	236	21.09.22
479	Dave	2,749,490,108	126,885,703	62	0	8	51	61	08.09.22
480	KHEA	2,743,045,197	904,429,327	81	0	9	43	78	18.09.22
481	EXO	2,728,034,576	0	309	0	6	61	166	21.09.22
482	Simon & Garfunkel	2,718,178,664	0	172	0	5	25	123	19.09.22
483	TINI	2,717,301,467	322,919,508	71	0	8	35	65	19.09.22
484	Iggy Azalea	2,712,209,988	1,115,535,980	108	0	6	28	71	20.09.22
485	George Michael	2,703,100,036	30,472,174	185	0	4	33	119	19.09.22
486	Jay Wheeler	2,701,443,856	474,151,306	146	0	3	45	109	06.09.22
487	De La Ghetto	2,695,370,320	2,541,753,927	158	0	7	42	104	31.07.22
488	Nacho	2,692,139,444	377,113,292	151	0	8	26	60	26.08.22
489	bbno$	2,691,389,490	248,780,732	149	0	3	43	125	18.09.22
490	The Beach Boys	2,687,373,992	8,374,855	1,528	0	7	30	137	08.08.22
491	The Game	2,686,873,055	837,932,817	770	0	6	43	208	17.08.22
492	Bibi und Tina	2,680,606,898	0	3,509	0	0	5	707	30.06.22
493	Ufo361	2,676,667,284	636,699,213	236	0	0	73	192	08.09.22
494	R.E.M.	2,665,630,567	300,027	590	0	5	23	137	08.09.22
495	Aminé	2,661,288,241	160,119,292	72	0	4	40	71	06.08.22
496	Normani	2,658,470,073	106,029,809	17	1	4	15	17	12.09.22
497	AJR	2,649,403,045	125,590,810	86	0	5	38	61	18.08.22
498	Christina Perri	2,646,573,107	104,990,448	103	1	3	17	59	13.08.22
499	X Ambassadors	2,621,685,116	1,224,173,110	119	0	4	32	87	25.08.22
500	Breaking Benjamin	2,619,625,553	0	102	0	6	56	97	31.07.22
501	Earth, Wind & Fire	2,606,939,541	93,944,725	385	1	5	21	69	18.08.22
502	Hillsong UNITED	2,599,812,772	141,413,805	366	0	2	59	251	01.08.22
503	Rod Wave	2,598,143,018	72,180,826	136	0	3	70	134	08.09.22
504	SEVENTEEN	2,589,444,107	0	150	0	1	83	147	21.09.22
505	Nick Jonas	2,588,951,174	56,096,500	95	0	8	27	74	20.09.22
506	Rich The Kid	2,587,583,439	1,860,430,328	166	0	4	43	129	29.08.22
507	Jimi Hendrix	2,585,036,209	1,041,574	506	0	5	31	147	19.09.22
508	The Smiths	2,582,782,853	0	143	0	6	47	108	13.09.22
509	Dermot Kennedy	2,581,422,010	0	78	0	5	38	64	31.07.22
510	Milky Chance	2,580,709,652	8,400,414	88	1	4	35	74	31.07.22
511	Volbeat	2,579,498,906	0	205	0	5	51	152	31.07.22
512	Sabrina Carpenter	2,578,274,952	149,043,942	99	0	6	41	87	21.09.22
513	TOTO	2,575,874,146	3,027,807	391	1	4	11	88	08.08.22
514	Dimitri Vegas & Like Mike	2,572,306,129	102,871,980	267	0	4	61	147	31.07.22
515	Robbie Williams	2,557,179,105	22,418,993	429	0	6	39	200	17.09.22
516	Matoma	2,555,408,299	300,374,829	126	0	5	33	83	31.07.22
517	Years & Years	2,550,829,792	90,524,082	112	0	7	32	81	31.07.22
518	Mitski	2,547,259,202	23,137,320	73	0	6	51	72	19.09.22
519	Jon Bellion	2,543,285,648	344,351,614	84	0	5	45	80	31.07.22
520	The xx	2,542,777,584	10,468,775	77	0	5	39	67	31.07.22
521	Van Morrison	2,542,234,398	95,529,950	864	0	4	22	136	13.09.22
522	Nelly Furtado	2,534,235,066	287,364,576	211	0	6	17	61	15.09.22
523	Luciano	2,529,899,233	406,507,760	157	0	0	68	128	21.09.22
524	B.o.B	2,525,038,408	1,274,578,007	431	0	7	24	82	31.07.22
525	T-Pain	2,522,886,931	3,095,732,093	215	0	8	29	117	31.07.22
526	Lynyrd Skynyrd	2,519,169,676	599,968	362	0	4	18	79	07.09.22
527	Stormzy	2,500,482,085	997,592,500	69	0	7	49	67	21.08.22
528	Sfera Ebbasta	2,496,062,465	1,276,058,719	89	0	1	63	88	27.08.22
529	Rick Ross	2,491,175,711	4,970,243,020	340	0	4	48	203	31.07.22
530	Cali Y El Dandee	2,490,592,473	214,013,480	74	0	9	36	65	31.07.22
531	Kid Ink	2,489,130,300	2,816,280,604	198	0	8	41	134	31.07.22
532	Shinedown	2,479,535,960	13,718,335	197	0	6	52	133	04.09.22
533	Natanael Cano	2,475,463,509	225,114,570	135	0	6	50	128	12.09.22
534	Van Halen	2,466,995,848	24,281	207	0	6	28	120	19.09.22
535	Limp Bizkit	2,466,419,030	3,218,081	134	0	6	30	113	01.08.22
536	Samra	2,464,361,997	327,389,483	121	0	3	55	116	21.09.22
537	The Fray	2,463,436,621	4,486,342	98	0	5	23	61	31.07.22
538	The Cranberries	2,460,868,337	2,725,658	264	0	4	20	121	27.08.22
539	Damso	2,459,764,316	721,780,586	96	0	1	79	94	21.09.22
540	Black Sabbath	2,459,611,513	13,968,959	286	0	4	34	124	07.09.22
541	All Time Low	2,459,397,211	1,585,127	212	0	2	50	171	31.07.22
542	DNCE	2,458,758,461	54,841,242	36	1	4	19	35	31.07.22
543	El Fantasma	2,457,887,099	65,281,602	210	0	6	60	161	21.08.22
544	Aitana	2,434,809,460	19,978,838	75	0	7	38	71	21.09.22
545	Luan Santana	2,432,357,223	248,032,168	214	0	4	47	170	21.09.22
546	Andy Grammer	2,431,629,519	4,962,513	79	0	5	29	73	31.07.22
547	Rage Against The Machine	2,430,839,934	0	119	0	7	29	78	14.08.22
548	Juan Magán	2,428,032,283	871,230,826	208	0	5	42	111	31.07.22
549	KYLE	2,420,485,330	166,464,714	112	0	5	30	90	31.07.22
550	Keith Urban	2,416,463,388	380,461,137	205	0	6	40	123	21.08.22
551	Joel Corry	2,415,759,211	63,258,648	153	0	5	15	61	31.07.22
552	Daryl Hall & John Oates	2,405,798,697	33,973	555	0	6	13	60	31.07.22
553	Sabaton	2,399,679,054	0	313	0	2	73	171	15.09.22
554	MGMT	2,396,610,713	1,038,472,738	86	0	5	22	60	31.07.22
555	Kodaline	2,386,258,538	283,421,137	125	0	4	32	87	05.09.22
556	Aya Nakamura	2,386,108,307	151,618,177	68	0	5	38	68	19.09.22
557	Plan B	2,383,828,013	578,240,022	95	0	7	24	67	31.07.22
558	Rag'n'Bone Man	2,382,013,837	79,032,903	138	0	3	28	87	31.07.22
559	Shaggy	2,381,998,464	477,705,428	433	0	5	23	101	31.07.22
560	Of Monsters and Men	2,380,280,721	3,318,019	63	0	5	31	55	13.09.22
561	Rod Stewart	2,379,541,913	502,097,842	731	0	4	43	214	09.08.22
562	The White Stripes	2,377,686,382	0	172	1	3	25	113	11.08.22
563	Hollywood Undead	2,373,538,882	21,078,180	143	0	3	70	134	01.08.22
564	Mac DeMarco	2,366,844,862	75,712,651	150	0	4	39	113	18.09.22
565	Gerardo Ortiz	2,362,366,616	564,161,466	257	0	3	46	192	31.07.22
566	A Day To Remember	2,357,711,163	0	135	0	4	58	126	31.07.22
567	Quinn XCII	2,350,578,227	155,201,156	85	0	5	51	85	31.07.22
568	Ice Cube	2,344,900,860	287,402,247	292	0	5	23	166	31.07.22
569	Clairo	2,340,931,623	751,281,514	25	0	7	25	25	31.07.22
570	Swedish House Mafia	2,340,727,040	12,820,948	58	0	6	20	49	31.07.22
571	League of Legends	2,340,011,159	1,934,825,362	495	0	6	29	118	18.09.22
572	Eladio Carrion	2,339,040,331	404,020,084	147	0	4	60	137	13.09.22
573	Lofi Fruits Music	2,329,999,921	106,066,268	1,010	0	0	25	549	31.07.22
574	Prince	2,327,965,052	3,281,243	835	0	5	35	176	24.08.22
575	Os Barões Da Pisadinha	2,325,967,532	571,967,470	160	0	6	62	117	31.07.22
576	Brytiago	2,325,768,055	2,046,857,334	85	0	5	36	75	08.09.22
577	Casper Magico	2,324,673,947	194,400,208	95	0	5	21	69	31.07.22
578	José José	2,323,517,374	149,057,243	525	0	2	51	203	31.07.22
579	Evanescence	2,320,082,358	0	110	0	4	30	92	12.09.22
580	Sublime	2,317,831,260	0	219	0	5	32	120	31.07.22
581	Die drei !!!	2,317,017,983	0	3,275	0	0	1	313	31.07.22
582	Tom Odell	2,313,290,532	43,963,745	131	1	3	26	78	10.09.22
583	GIMS	2,311,019,564	294,623,436	179	0	4	47	156	31.07.22
584	Aretha Franklin	2,310,941,271	9,107,259	914	0	4	29	137	21.09.22
585	Chencho Corleone	2,307,620,270	1,850,768,207	21	0	6	15	21	11.09.22
586	Cigarettes After Sex	2,297,049,191	0	30	0	6	29	30	30.08.22
587	Bryant Myers	2,296,987,693	2,211,793,211	102	0	5	46	94	31.07.22
588	Red Velvet	2,296,946,688	15,013,329	131	0	5	34	114	21.09.22
589	Axwell /\ Ingrosso	2,295,622,491	0	47	1	5	17	39	31.07.22
590	George Strait	2,293,305,564	36,161,867	444	0	2	47	205	31.07.22
591	Carlos Rivera	2,291,158,958	507,636,763	210	0	5	45	146	31.07.22
592	Carrie Underwood	2,287,677,862	390,796,945	170	0	3	38	123	18.09.22
593	Enya	2,281,284,138	342,937,830	145	0	4	56	129	10.08.22
594	Pedro Capó	2,277,124,460	181,475,492	71	1	5	14	44	31.07.22
595	girl in red	2,264,464,619	6,043,639	29	0	6	25	29	15.09.22
596	Ozzy Osbourne	2,261,950,976	66,918,805	231	0	3	24	133	21.09.22
597	Scorpions	2,257,465,297	0	345	0	5	19	168	05.09.22
598	Nas	2,255,035,088	890,352,457	339	0	4	46	198	04.09.22
599	ODESZA	2,251,141,203	128,174,755	170	0	4	50	135	31.07.22
600	Joyner Lucas	2,250,754,960	146,002,559	87	0	6	37	81	11.09.22
601	Ali Gatie	2,236,769,112	2,270,763	54	0	4	20	42	19.08.22
602	Mustard	2,234,505,311	1,986,562,902	74	0	4	18	53	31.07.22
603	PnB Rock	2,228,993,718	1,859,997,166	116	0	5	35	87	12.09.22
604	Zoé	2,227,159,139	12,125,790	193	0	6	45	118	31.07.22
605	Goodboys	2,225,051,739	5,153,122	44	0	4	9	22	31.07.22
606	KISS	2,222,550,482	0	510	0	4	22	162	17.08.22
607	WALK THE MOON	2,213,255,179	103,849,073	98	1	3	24	58	31.07.22
608	Danna Paola	2,212,142,768	72,725,046	103	0	6	35	68	19.09.22
609	Don Diablo	2,200,628,570	105,584,811	248	0	1	59	134	31.07.22
610	Jorja Smith	2,195,160,357	465,601,602	81	0	4	39	63	31.07.22
611	Los Tigres Del Norte	2,195,087,945	182,374,635	639	0	1	49	264	31.07.22
612	Gryffin	2,193,509,712	482,869,625	146	0	6	32	93	31.07.22
613	RAYE	2,192,939,509	575,319,981	95	0	4	27	60	31.07.22
614	Junior H	2,190,309,741	300,889,299	104	0	5	42	103	12.09.22
615	The Smashing Pumpkins	2,172,954,938	0	418	0	6	28	140	19.09.22
616	Sum 41	2,172,099,956	7,414,337	128	0	5	34	98	31.07.22
617	Alan Jackson	2,168,305,190	90,085,724	269	0	2	41	178	11.08.22
618	Marco Antonio Solís	2,167,056,600	686,549,494	201	0	5	44	151	31.07.22
619	WILLOW	2,162,026,224	405,412,770	76	0	3	19	74	16.09.22
620	Ella Mai	2,161,392,693	334,957,558	52	0	6	38	50	11.09.22
621	Marilyn Manson	2,156,699,936	56,980,790	227	0	4	38	175	31.07.22
622	Joey Bada$$	2,149,110,284	767,949,252	119	0	4	48	108	11.09.22
623	Lord Huron	2,147,142,104	0	76	1	3	29	69	31.07.22
624	Sleeping At Last	2,146,420,809	727,285	298	0	5	44	187	01.08.22
625	Astrid S	2,145,022,194	131,055,141	107	0	5	37	81	04.09.22
626	TKKG	2,141,387,313	0	4,398	0	0	0	37	31.07.22
627	Sido	2,141,006,547	522,502,437	368	0	2	52	189	31.07.22
628	TOMORROW X TOGETHER	2,136,382,863	0	69	0	6	47	65	10.09.22
629	Colbie Caillat	2,133,775,510	126,624,751	105	0	4	19	91	15.09.22
630	Banda El Recodo	2,127,016,589	2,232,807	601	0	3	49	194	01.08.22
631	Rascal Flatts	2,124,400,562	53,441,983	248	0	5	31	121	31.07.22
632	Dolly Parton	2,122,503,850	173,626,251	978	0	4	18	153	09.08.22
633	3 Doors Down	2,122,358,023	631,510	144	0	3	19	103	31.07.22
634	Stromae	2,121,746,087	61,251,850	57	0	4	33	48	20.09.22
635	Wale	2,117,359,552	1,520,275,780	353	0	4	39	157	07.09.22
636	Moneybagg Yo	2,117,349,736	1,313,168,750	266	0	1	55	200	31.07.22
637	Electric Light Orchestra	2,112,872,480	696,381	305	0	4	22	130	31.07.22
638	Two Door Cinema Club	2,112,307,879	1,980,119	142	0	4	30	91	12.08.22
639	Hardwell	2,109,914,592	360,947,672	462	0	1	52	168	31.07.22
640	Brent Faiyaz	2,107,146,096	905,946,624	63	0	7	39	63	31.07.22
641	Chase Atlantic	2,105,375,619	11,762,990	75	0	4	46	72	31.07.22
642	Kontra K	2,103,318,066	219,924,638	301	0	1	51	182	31.07.22
643	iann dior	2,102,922,842	2,291,368,890	55	0	5	32	53	31.07.22
644	Powfu	2,092,377,791	186,520,817	73	1	1	20	72	31.07.22
645	Bethel Music	2,092,086,801	0	312	0	0	50	260	31.07.22
646	Louis Tomlinson	2,090,309,081	0	43	0	4	21	30	20.09.22
647	JID	2,089,652,973	797,904,614	70	0	4	30	69	07.09.22
648	The Clash	2,085,949,767	0	223	0	3	22	99	08.09.22
649	Noriel	2,083,887,397	1,469,283,474	94	0	4	36	85	31.07.22
650	gnash	2,083,638,974	303,083,754	84	1	2	26	61	31.07.22
651	MC Kevinho	2,082,054,602	296,844,156	74	0	5	35	59	31.07.22
652	David Bisbal	2,078,820,031	432,972,620	248	0	4	33	124	03.08.22
653	Pharrell Williams	2,077,074,226	6,537,561,403	110	1	3	24	62	31.07.22
654	Kacey Musgraves	2,071,969,800	151,172,367	127	0	5	44	94	21.09.22
655	Gera MX	2,071,389,389	527,168,213	184	0	1	55	151	28.08.22
656	Luísa Sonza	2,068,564,215	9,401,615	66	0	5	39	56	20.09.22
657	Leon Bridges	2,064,776,224	809,960,704	78	0	5	42	77	31.07.22
658	Chief Keef	2,064,287,110	625,082,456	575	0	5	25	204	18.09.22
659	Martin Jensen	2,063,060,185	304,861,454	79	0	4	24	55	31.07.22
660	Annie Lennox	2,062,340,171	9,754,428	306	0	3	23	86	02.09.22
661	Ruth B.	2,057,984,888	0	48	0	5	13	35	31.07.22
662	NEFFEX	2,056,583,318	824,121	213	0	3	40	190	31.07.22
663	Duran Duran	2,052,957,469	0	483	0	5	28	93	09.08.22
664	Jaden	2,050,432,169	1,460,830,445	110	0	2	41	103	31.07.22
665	Bing Crosby	2,043,924,592	8,462,632	1,345	0	7	27	75	31.07.22
666	Seeb	2,043,477,578	1,673,715,968	112	0	5	24	59	31.07.22
667	Ms. Lauryn Hill	2,040,646,969	353,528,858	89	0	5	26	56	11.08.22
668	Arizona Zervas	2,039,690,926	35,697,483	37	1	2	15	36	31.07.22
669	Santa Fe Klan	2,039,138,179	541,493,142	217	0	5	43	130	18.08.22
670	Miracle Tones	2,031,004,961	0	126	0	0	72	116	31.07.22
671	Regard	2,029,133,220	0	42	1	4	11	29	31.07.22
672	Westlife	2,026,058,221	39,635	231	0	3	40	147	09.09.22
673	The Kooks	2,024,254,904	0	249	0	5	29	103	11.09.22
674	Mike WiLL Made-It	2,021,477,415	345,422,787	144	0	6	30	71	15.08.22
675	Elevation Worship	2,019,584,095	22,054,975	255	0	2	45	195	31.07.22
676	Internet Money	2,018,584,676	372,681,646	43	1	5	17	27	31.07.22
677	M83	2,015,140,978	16,290,793	237	0	3	22	115	31.07.22
678	Portugal. The Man	2,003,183,409	50,754,902	195	1	1	28	89	31.07.22
679	R. Kelly	2,002,013,664	409,379,157	363	0	2	31	200	31.07.22
680	Saweetie	2,000,089,741	595,752,335	73	0	4	26	60	01.09.22
681	Dilsinho	1,996,437,258	411,783,927	195	0	5	39	148	12.09.22
682	Charlie Brown Jr.	1,995,556,424	39,048,849	278	0	4	35	197	17.08.22
683	Ha*Ash	1,989,802,115	490,646,007	131	0	4	39	98	01.09.22
684	Gwen Stefani	1,988,899,782	1,073,941,569	99	0	4	17	69	17.09.22
685	Mötley Crüe	1,986,516,487	0	238	0	5	27	95	19.09.22
686	Jessie Reyez	1,982,350,944	512,534,113	73	0	4	25	56	16.09.22
687	Owl City	1,980,070,565	93,709,322	111	0	2	28	106	31.07.22
688	Apache 207	1,977,481,576	126,206,018	46	0	5	36	46	31.07.22
689	Nekfeu	1,977,245,131	518,867,756	98	0	0	67	92	20.08.22
690	Queens of the Stone Age	1,973,861,331	0	140	0	5	44	108	31.07.22
691	Cosculluela	1,973,500,286	1,068,089,499	159	0	5	29	95	31.07.22
692	Keane	1,971,059,662	607,099	197	0	2	25	105	31.07.22
693	Tee Grizzley	1,970,417,387	196,499,343	145	0	3	30	126	31.07.22
694	Ezhel	1,969,446,772	194,725,091	64	0	3	50	60	08.09.22
695	Gigi D'Agostino	1,961,013,546	1,153,536	423	1	3	10	38	31.07.22
696	DMX	1,959,946,681	264,430,121	304	0	4	23	97	31.07.22
697	Bruno & Marrone	1,959,875,993	230,637,427	428	0	2	39	219	31.07.22
698	Yung Gravy	1,959,097,379	10,002,713	78	0	6	33	75	18.09.22
699	Desiigner	1,955,514,520	548,795,846	55	1	2	14	41	31.07.22
700	Timmy Trumpet	1,954,597,157	104,577,459	183	0	3	44	111	31.07.22
701	Thirty Seconds To Mars	1,954,498,523	47,931,016	84	0	4	34	75	04.09.22
702	Denzel Curry	1,952,649,461	528,744,853	137	0	4	50	110	06.09.22
703	Jay Chou	1,951,129,090	28,029,086	327	0	0	54	189	31.07.22
704	Chelsea Cutler	1,950,899,986	452,181,568	95	0	4	33	84	31.07.22
705	Alex Rose	1,949,166,634	537,789,626	82	0	4	26	65	31.07.22
706	Olly Murs	1,946,478,736	47,818,752	179	0	4	23	114	16.09.22
707	Vampire Weekend	1,945,573,015	0	74	0	2	45	67	31.07.22
708	Miranda Lambert	1,943,726,819	213,039,015	208	0	5	31	165	21.09.22
709	Niska	1,942,082,102	647,294,492	107	0	1	56	105	21.09.22
710	Santana	1,933,599,979	276,396,587	714	0	4	24	136	31.07.22
711	The Goo Goo Dolls	1,933,399,868	315,062	279	1	3	18	87	07.09.22
712	Aloe Blacc	1,930,856,165	251,730,315	217	0	4	23	68	31.07.22
713	Wham!	1,930,785,286	861,833	36	0	2	10	29	23.08.22
714	Willy William	1,930,491,419	355,230,752	82	1	3	12	28	31.07.22
715	MAX	1,929,553,352	143,407,145	144	0	5	27	85	10.09.22
716	Dierks Bentley	1,923,717,525	173,377,106	153	0	6	28	89	01.08.22
717	The Who	1,923,165,495	0	881	0	6	15	98	11.09.22
718	Granular	1,919,564,121	0	574	0	2	22	95	31.07.22
719	Stefflon Don	1,914,806,534	345,633,899	86	0	6	23	68	18.08.22
720	La Oreja de Van Gogh	1,912,311,819	66,113,877	183	0	3	41	165	31.07.22
721	OMI	1,908,116,986	131,136,335	45	1	2	7	26	31.07.22
722	Alice In Chains	1,902,125,921	171,453	162	0	5	36	102	03.09.22
723	Giveon	1,901,077,447	589,310,224	32	0	4	22	32	12.09.22
724	John Lennon	1,900,843,192	5,769,602	498	0	3	25	94	16.08.22
725	Los Temerarios	1,899,241,961	183,284	322	0	0	63	133	06.08.22
726	Loud Luxury	1,898,927,877	89,734,246	135	0	4	22	44	31.07.22
727	Ghostemane	1,897,237,706	68,873,586	140	0	3	40	109	19.08.22
728	Snow Patrol	1,897,170,969	0	191	0	3	22	100	09.08.22
729	beabadoobee	1,893,281,518	12,412,498	76	1	2	11	63	06.09.22
730	Lee Brice	1,893,216,404	14,898,633	97	0	6	16	74	31.07.22
731	Trevor Daniel	1,893,164,011	207,826,260	50	1	2	15	43	31.07.22
732	James TW	1,892,634,482	8,164,452	44	0	5	20	36	31.07.22
733	Louis Armstrong	1,888,813,523	16,402,469	2,311	0	4	23	144	31.07.22
734	Beret	1,887,419,481	54,947,411	50	0	3	42	49	31.07.22
735	Shania Twain	1,885,781,696	182,041,753	187	0	4	29	104	17.09.22
736	Calle 13	1,883,809,656	131,655,648	81	0	5	34	76	31.07.22
737	Booba	1,880,281,066	678,185,823	247	0	0	54	204	31.07.22
738	Ciara	1,875,900,807	505,417,778	158	0	5	25	89	16.08.22
739	Incubus	1,872,492,242	2,113,242	229	0	3	33	130	31.07.22
740	MØ	1,867,886,470	3,388,886,631	124	0	4	32	83	31.07.22
741	Mon Laferte	1,867,546,187	328,196,750	143	0	4	30	121	31.08.22
742	Conor Maynard	1,867,293,612	371,487,728	137	0	3	39	92	31.07.22
743	Ella Fitzgerald	1,865,209,139	12,514,602	2,120	0	2	31	180	09.08.22
744	Sting	1,864,917,481	294,461,183	495	0	3	24	206	15.08.22
745	Vintage Culture	1,863,460,359	35,304,995	205	0	2	47	139	31.07.22
746	Kevin Roldan	1,860,423,142	479,771,429	147	0	2	40	110	31.07.22
747	Blueface	1,856,041,642	617,180,661	98	0	4	29	76	18.09.22
748	Nat King Cole	1,853,717,658	8,675,904	1,129	0	3	31	120	31.07.22
749	Yo Gotti	1,852,943,310	1,311,194,792	494	0	2	29	136	31.07.22
750	Roxette	1,851,759,389	307,774	468	0	4	22	101	21.09.22
751	Thalia	1,850,952,360	357,387,352	321	0	2	31	127	21.09.22
752	Lady A	1,850,637,526	138,695,513	229	0	5	27	130	31.07.22
753	Two Feet	1,850,083,119	43,492,840	67	0	3	24	57	31.07.22
754	Taio Cruz	1,849,088,545	27,054,116	94	0	4	15	42	19.08.22
755	Old Dominion	1,846,826,397	5,326,630	85	0	7	30	61	09.08.22
756	Dean Martin	1,839,950,779	11,973,306	696	0	5	27	126	31.07.22
757	Oliver Tree	1,839,830,515	47,958,499	63	0	4	32	63	31.08.22
758	John Newman	1,839,265,446	386,221,358	95	0	4	15	63	31.07.22
759	CRO	1,837,987,132	186,326,829	163	0	2	47	132	19.08.22
760	PNAU	1,837,143,273	4,795,294	113	1	3	11	38	18.09.22
761	ANAVITÓRIA	1,836,487,394	247,466,567	79	0	3	44	69	18.09.22
762	Sara Bareilles	1,829,209,796	82,546,640	194	0	5	23	111	15.09.22
763	Burna Boy	1,828,885,997	1,673,448,318	174	0	4	41	104	21.09.22
764	Michael Silverman	1,827,043,186	213,673	972	0	0	54	237	31.07.22
765	Surfaces	1,819,802,511	0	70	0	1	24	67	31.07.22
766	Chayanne	1,817,989,260	144,005,891	236	0	5	30	104	31.07.22
767	a-ha	1,815,725,128	16,092	401	1	1	12	79	31.07.22
768	The Jackson 5	1,814,148,449	2,468,100	347	0	5	12	50	24.08.22
769	Fergie	1,813,098,972	206,140,442	82	0	5	10	43	31.07.22
770	The Pussycat Dolls	1,813,039,711	26,129,902	56	0	5	16	43	02.09.22
771	Leona Lewis	1,808,430,326	58,243,390	116	0	5	17	75	21.09.22
772	Matuê	1,805,676,631	243,428,148	33	0	6	29	33	31.08.22
773	LUDMILLA	1,805,513,880	466,855,357	178	0	2	41	151	21.09.22
774	Natalia Lafourcade	1,805,496,403	936,009,979	183	0	4	34	124	02.09.22
775	Mora	1,805,158,864	348,503,971	76	0	2	31	70	16.08.22
776	Dynoro	1,804,491,187	378,295	18	1	4	9	18	31.07.22
777	Los Tucanes De Tijuana	1,804,035,346	5,231,518	737	0	1	37	204	01.08.22
778	AJ Tracey	1,802,672,139	215,084,250	98	0	6	29	86	21.08.22
779	Sean Kingston	1,798,965,211	150,341,106	142	0	5	16	46	31.07.22
780	Guaynaa	1,797,383,497	132,443,509	64	0	5	19	45	31.07.22
781	Steve Lacy	1,794,556,932	632,508,531	46	0	4	24	46	20.09.22
782	Jon Pardi	1,793,562,040	161,230,228	78	0	5	23	52	05.09.22
783	Seether	1,792,996,253	0	156	0	4	26	127	21.09.22
784	fun.	1,792,718,438	203,986	26	0	3	16	25	31.07.22
785	Ben Howard	1,790,617,769	1,125,328	60	0	4	28	55	20.09.22
786	Tears For Fears	1,785,149,316	2,601,887	219	0	4	11	67	20.09.22
787	Mike Perry	1,784,903,805	26,675,234	54	0	3	22	45	31.07.22
788	Lalo Ebratt	1,773,683,414	84,141,405	60	0	7	16	41	31.07.22
789	Oliver Heldens	1,773,243,390	253,517,935	145	0	3	38	100	31.07.22
790	Martin Solveig	1,772,167,780	8,507,378	246	0	5	17	65	31.07.22
791	Nicki Nicole	1,771,051,853	466,761,461	49	0	3	31	44	16.09.22
792	Darell	1,768,464,822	4,780,307,242	133	0	4	35	95	31.07.22
793	CHVRCHES	1,766,235,284	5,546,013	118	0	2	38	85	14.09.22
794	Julieta Venegas	1,760,785,705	701,911,855	152	0	6	17	86	18.09.22
795	Kylie Minogue	1,760,059,922	122,606,148	906	0	2	36	170	05.09.22
796	Gente De Zona	1,756,631,831	1,403,404,663	126	0	3	21	84	31.07.22
797	Deftones	1,750,174,564	189,667	139	0	2	44	120	19.08.22
798	Melendi	1,749,960,220	190,148,048	184	0	2	41	174	31.07.22
799	Baby Keem	1,748,313,318	64,281,837	51	0	3	26	50	04.09.22
800	DJ Luian	1,747,734,090	2,738,823,311	52	0	4	15	42	31.07.22
801	MKTO	1,746,963,141	14,429,939	29	0	2	15	28	31.07.22
802	IU	1,746,402,412	105,269,252	165	0	4	35	93	20.09.22
803	Mambo Kingz	1,745,059,565	2,499,618,695	37	0	5	11	15	31.07.22
804	Lionel Richie	1,743,379,490	53,528,648	297	0	6	21	71	25.08.22
805	Lil Dicky	1,741,821,934	127,683,917	23	0	5	16	23	31.07.22
806	Intocable	1,741,554,669	20,985,489	317	0	2	36	191	14.08.22
807	Sin Bandera	1,738,742,132	124,804,809	124	0	6	24	92	31.07.22
808	Daya	1,735,378,090	2,131,830,037	45	0	4	20	39	31.07.22
809	Chris Young	1,733,928,126	108,950,594	112	0	4	24	79	31.07.22
810	Tech N9ne	1,733,262,095	664,567,305	451	0	2	31	236	31.07.22
811	Arcade Fire	1,731,328,594	0	113	0	3	48	97	31.07.22
812	Rich Brian	1,728,750,770	625,261,728	57	0	4	37	55	21.09.22
813	Mother Mother	1,726,527,097	83,041	142	0	5	17	104	31.07.22
814	Yusuf / Cat Stevens	1,726,512,987	19,118,011	332	0	5	22	66	16.09.22
815	Kina	1,723,333,633	4,106,807	39	0	3	11	29	31.07.22
816	MAGIC!	1,721,727,530	146,286,450	53	1	2	12	42	31.07.22
817	Greeicy	1,720,259,336	50,335,675	60	0	5	32	54	31.08.22
818	Simple Plan	1,719,642,286	2,131,621	128	0	4	32	93	05.09.22
819	Sofía Reyes	1,719,104,610	226,357,631	61	0	3	20	46	10.09.22
820	Dido	1,718,183,561	5,698,325	195	0	4	14	80	31.07.22
821	Paul Simon	1,715,931,271	75,838,481	370	0	3	22	114	31.07.22
822	Dennis Lloyd	1,715,531,867	0	48	0	3	22	39	31.07.22
823	Alfredo Olivas	1,713,355,709	67,166,813	103	0	3	41	99	31.07.22
824	Wolfgang Amadeus Mozart	1,712,607,320	5,275,689	11,475	0	0	18	273	31.07.22
825	Tiago PZK	1,709,750,883	332,932,512	58	0	4	24	48	26.08.22
826	Pineapple StormTv	1,707,906,194	154,195,292	215	0	3	28	115	31.07.22
827	Tanishk Bagchi	1,707,223,599	724,692,108	146	0	3	37	78	21.09.22
828	DENNIS	1,705,396,553	126,587,183	298	0	4	34	141	31.07.22
829	YUNGBLUD	1,703,601,205	463,620,252	92	0	2	41	65	04.09.22
830	Summer Cem	1,702,570,591	341,863,678	200	0	2	36	123	31.07.22
831	Sade	1,701,116,678	1,452,396	113	0	4	36	104	05.09.22
832	Eslabon Armado	1,699,114,472	13,724,576	90	0	2	37	84	31.07.22
833	Juan Luis Guerra 4.40	1,695,901,682	810,878,616	208	0	2	39	128	16.09.22
834	La Adictiva Banda San José de Mesillas	1,695,830,013	44,189,841	128	0	4	28	72	31.07.22
835	KSI	1,695,358,834	27,838,370	116	0	4	41	90	01.09.22
836	Bullet For My Valentine	1,694,804,867	31,403	177	0	2	43	106	23.08.22
837	Selena	1,693,151,147	2,894,906	149	0	6	27	92	01.09.22
838	Jack Ü	1,685,398,303	956,750	37	0	4	11	30	31.07.22
839	Nina Simone	1,682,102,220	25,050,969	551	0	3	22	139	05.08.22
840	Kollegah	1,676,987,056	109,522,515	569	0	0	41	315	07.08.22
841	Bea Miller	1,675,218,584	1,164,003,726	42	0	4	23	42	18.08.22
842	Nipsey Hussle	1,669,099,192	270,570,506	277	0	3	36	142	31.07.22
843	Cyndi Lauper	1,668,152,364	7,113,334	219	0	3	8	36	15.09.22
844	Juicy J	1,666,667,173	3,759,718,067	450	0	2	35	107	31.07.22
845	Max Richter	1,666,056,201	43,626	992	0	0	21	259	31.07.22
846	Los Bukis	1,665,301,634	7,360,162	252	0	1	50	109	31.07.22
847	Otis Redding	1,664,195,345	150,323,645	337	0	3	20	87	31.07.22
848	Dominic Fike	1,660,702,806	138,302,706	30	0	3	22	30	31.07.22
849	Kungs	1,657,734,274	29,885,479	65	0	3	17	35	31.07.22
850	*NSYNC	1,656,401,553	25,912,106	89	0	5	17	71	18.09.22
851	Jasmine Thompson	1,651,309,359	959,672,838	116	0	3	39	89	31.07.22
852	Willie Nelson	1,649,521,446	312,985,189	1,571	0	4	23	150	31.07.22
853	Tina Turner	1,649,451,408	24,463,747	253	0	6	19	81	24.08.22
854	Yellow Claw	1,646,156,795	88,256,933	263	0	2	32	128	31.07.22
855	Lily Allen	1,643,394,520	348,477,457	115	0	4	23	79	14.08.22
856	will.i.am	1,641,904,383	2,159,351,268	103	0	5	16	46	20.08.22
857	NCT 127	1,638,178,633	47,078,036	138	0	2	44	102	21.09.22
858	Sasha Alex Sloan	1,637,138,656	356,062,491	55	0	3	29	45	13.09.22
859	Dadju	1,636,188,516	459,665,162	112	0	2	43	103	21.09.22
860	Silk Sonic	1,635,262,002	0	11	0	3	11	11	28.08.22
861	deadmau5	1,633,102,099	85,895,158	456	0	1	32	208	31.07.22
862	Benjamin Blümchen	1,632,183,811	0	6,109	0	0	2	45	31.07.22
863	Beastie Boys	1,631,483,593	686,794	307	0	4	23	164	31.07.22
864	Ferrugem	1,630,991,997	316,721,915	171	0	1	38	121	31.07.22
865	Trueno	1,625,212,488	89,783,830	55	0	5	25	44	31.08.22
866	Tom Walker	1,621,938,619	104,229,160	95	0	4	23	60	28.08.22
867	Angus & Julia Stone	1,621,262,836	62,072,067	128	0	3	28	86	31.07.22
868	AURORA	1,620,462,028	392,531,879	105	0	3	36	79	17.09.22
869	Wallows	1,617,420,796	0	50	0	5	28	49	31.07.22
870	Bill Withers	1,616,684,397	423,140,273	120	0	4	11	64	31.07.22
871	Camila	1,614,888,793	118,840,374	100	0	4	23	75	31.07.22
872	The National	1,612,789,597	101,050,937	209	0	1	46	140	10.09.22
873	ZZ Top	1,609,888,997	84,795	279	0	4	17	103	16.09.22
874	KALEO	1,609,214,165	0	29	0	3	19	27	31.07.22
875	Tracy Chapman	1,603,955,839	86,329,695	102	0	4	16	88	18.08.22
876	Mary J. Blige	1,603,823,302	2,072,649,813	395	0	2	26	150	31.07.22
877	Jowell & Randy	1,598,782,161	882,987,056	173	0	3	26	92	31.07.22
878	Brad Paisley	1,594,358,812	80,512,829	233	0	2	37	133	31.07.22
879	The Score	1,590,492,855	2,029,439	66	0	5	28	65	31.07.22
880	Los Enanitos Verdes	1,589,791,667	8,973,461	190	0	4	17	91	14.09.22
881	Gavin James	1,589,066,720	67,835,427	119	0	3	28	83	31.07.22
882	Lenny Kravitz	1,586,945,030	58,520,527	269	0	4	21	105	05.08.22
883	Tungevaag	1,584,806,652	5,391,617	82	0	5	28	57	31.07.22
884	Frédéric Chopin	1,580,987,576	1,163,362	9,790	0	0	20	229	06.08.21
885	Ramin Djawadi	1,576,132,499	494,471	1,024	0	1	33	258	09.08.22
886	Tyler Childers	1,575,879,683	31,875,984	62	0	5	35	58	26.08.22
887	Brett Young	1,574,718,551	18,238,191	70	0	4	19	48	31.07.22
888	BØRNS	1,573,109,788	17,790,746	44	0	3	19	40	31.07.22
889	Audioslave	1,568,164,155	0	72	0	5	19	47	31.07.22
890	Olivia O'Brien	1,567,268,080	1,463,363,938	55	0	3	22	46	05.08.22
891	Sleepy Hallow	1,566,837,791	291,033,854	64	0	2	29	64	31.07.22
892	Banda Los Recoditos	1,564,662,688	19,005,086	252	0	2	30	120	01.08.22
893	Beach House	1,561,213,400	0	107	0	2	33	99	21.09.22
894	Kiiara	1,561,088,103	289,081,952	73	0	3	19	39	04.09.22
895	Mr. Probz	1,559,887,114	237,955,809	36	0	4	11	32	19.09.22
896	Sufjan Stevens	1,559,839,764	48,019,760	439	0	3	16	185	09.09.22
897	Alvaro Soler	1,558,833,906	46,416,870	101	0	4	19	70	31.07.22
898	Pink Sweat$	1,558,351,053	58,475,674	57	0	3	27	53	31.07.22
899	King Von	1,557,609,173	158,906,906	78	0	3	39	75	31.07.22
900	Diego & Victor Hugo	1,557,334,571	23,088,565	139	0	6	23	89	18.09.22
901	Joaquín Sabina	1,554,442,660	130,526,953	348	0	0	42	221	31.07.22
902	Ella Henderson	1,553,412,941	369,125,542	115	0	3	23	60	16.09.22
903	(G)I-DLE	1,552,109,114	4,848,656	68	0	5	18	53	21.09.22
904	Blur	1,551,692,610	20,342	356	0	2	20	93	08.08.22
905	Lil Kleine	1,551,040,492	344,150,827	120	0	0	43	102	21.09.22
906	Ofenbach	1,550,940,003	104,912,624	83	0	4	16	41	31.07.22
907	Cher	1,550,593,905	14,508,452	398	0	3	19	69	20.09.22
908	Lykke Li	1,549,963,169	100,408,098	105	0	4	26	74	31.07.22
909	Skepta	1,545,159,107	1,544,272,815	146	0	2	36	106	12.09.22
910	Falling In Reverse	1,544,740,243	0	65	0	2	38	64	31.07.22
911	Aleman	1,543,845,576	407,519,473	151	0	2	33	134	31.07.22
912	Will Smith	1,542,201,832	22,969,261	90	0	6	15	48	31.07.22
913	Kris Kross Amsterdam	1,540,779,399	11,311,576	45	0	2	15	28	31.07.22
914	Salmo	1,539,540,910	645,180,334	162	0	3	39	104	16.08.22
915	Toby Keith	1,539,260,688	22,035,715	302	0	4	24	91	12.08.22
916	Timbaland	1,538,740,572	2,172,817,649	156	0	5	14	59	09.08.22
917	Snakehips	1,537,501,501	114,181,875	80	0	3	20	56	31.07.22
918	YOASOBI	1,533,599,947	0	28	0	5	18	28	31.07.22
919	ITZY	1,531,845,087	0	70	0	6	22	59	20.09.22
920	Pusha T	1,530,816,646	1,669,008,782	123	0	2	28	74	05.08.22
921	Spice Girls	1,530,766,752	705,376	106	0	4	12	38	05.09.22
922	Río Roma	1,527,525,300	130,932,569	105	0	4	33	85	31.07.22
923	Bo Burnham	1,527,212,746	273,881	103	0	2	35	86	02.09.22
924	Oh Wonder	1,522,982,587	700,789,793	71	0	5	31	64	09.08.22
925	UB40	1,520,229,534	2,093,977	436	0	3	22	83	31.07.22
926	Moby	1,519,804,913	294,525,726	836	0	3	21	181	31.07.22
927	Andrea Bocelli	1,518,057,850	63,860,756	592	0	3	28	171	08.09.22
928	Cash Cash	1,516,224,156	122,082,586	163	0	4	26	70	31.07.22
929	Zendaya	1,514,581,338	742,506,843	42	0	3	9	30	31.07.22
930	Topic	1,514,111,730	995,946,509	70	0	1	15	36	31.07.22
931	John Denver	1,512,762,331	8,472,293	594	0	3	14	93	31.07.22
932	BONES	1,511,219,763	192,510,411	653	0	1	22	219	31.07.22
933	Natiruts	1,510,821,450	21,690,077	216	0	1	37	162	31.07.22
934	TLC	1,510,571,033	235,596,205	173	0	3	9	50	09.09.22
935	Gustavo Cerati	1,509,810,094	204,209,748	163	0	3	34	108	31.07.22
936	LIT killah	1,509,081,134	190,156,783	45	0	2	29	44	28.08.22
937	Alina Baraz	1,506,524,901	29,078,869	76	0	3	29	68	09.08.22
938	Lauren Daigle	1,506,508,915	145,987,139	67	0	3	34	64	31.07.22
939	Official HIGE DANdism	1,506,088,256	0	144	0	4	25	65	31.07.22
940	Pixies	1,505,325,659	0	856	0	3	16	100	04.09.22
941	Dread Mar I	1,503,218,350	37,569,370	160	0	2	28	126	31.07.22
942	Mc Don Juan	1,500,472,460	567,652,551	155	0	3	37	90	31.07.22
943	Thiaguinho	1,498,417,630	225,812,024	249	0	0	47	189	31.07.22
944	Evaluna Montaner	1,495,747,834	133,138,325	46	0	4	6	25	31.07.22
945	Gloria Trevi	1,495,516,110	179,549,001	278	0	2	33	129	21.09.22
946	Capo Plaza	1,494,955,350	798,426,969	78	0	1	41	71	04.09.22
947	MF DOOM	1,494,366,089	102,412,043	424	0	2	30	171	31.07.22
948	Petit Biscuit	1,494,185,761	22,498,758	86	0	1	24	60	31.07.22
949	Maggie Lindemann	1,493,496,341	3,524,930	40	0	2	16	30	21.09.22
950	SCH	1,493,467,421	670,430,516	114	0	0	52	114	21.09.22
951	Gym Class Heroes	1,493,450,694	0	75	0	3	6	29	31.07.22
952	Foreigner	1,489,706,908	358,235	294	0	4	15	62	21.09.22
953	Jeezy	1,485,078,408	1,437,063,010	552	0	2	27	178	31.07.22
954	Talking Heads	1,484,242,370	0	215	0	3	19	110	04.09.22
955	Bruno Martini	1,482,924,670	27,749,916	105	0	4	18	42	26.08.22
956	Supertramp	1,480,511,283	35,955	119	0	4	19	86	23.08.22
957	Hungria Hip Hop	1,480,092,466	71,737,408	68	0	1	41	67	31.07.22
958	Wu-Tang Clan	1,479,460,962	15,206,987	351	0	2	21	130	31.07.22
959	Vince Staples	1,478,107,395	583,523,563	97	0	2	30	92	09.08.22
960	Brantley Gilbert	1,477,281,228	127,058,982	117	0	2	33	88	31.07.22
961	Tori Kelly	1,473,981,175	564,051,955	98	0	3	27	83	04.09.22
962	Counting Crows	1,473,624,597	4,503,425	192	0	3	14	76	15.08.22
963	Marracash	1,472,923,263	534,687,416	196	0	0	44	117	20.08.22
964	Andrés Calamaro	1,463,467,941	169,406,253	521	0	2	21	161	05.09.22
965	Tom Petty and the Heartbreakers	1,463,007,847	3,703,828	248	0	3	16	89	03.09.22
966	Hombres G	1,461,546,570	65,545,893	275	0	3	17	114	31.07.22
967	Lupe Fiasco	1,458,913,538	284,182,379	182	0	3	20	126	20.09.22
968	$NOT	1,456,594,009	110,324,095	58	0	3	22	58	31.07.22
969	Upchurch	1,451,882,160	160,013,519	245	0	0	32	216	31.07.22
970	Canserbero	1,451,762,300	20,576,666	88	0	3	38	86	06.08.22
971	ZHU	1,450,364,098	53,933,968	120	0	2	33	87	31.07.22
972	Cristian Castro	1,449,606,688	171,308,397	236	0	3	25	112	31.07.22
973	Megadeth	1,449,001,793	785,779	419	0	2	23	187	14.09.22
974	D-Block Europe	1,448,961,530	94,674,597	150	0	0	37	146	22.08.22
975	Bryce Vine	1,444,948,521	4,590,271	81	0	4	24	59	31.07.22
976	Gustavo Mioto	1,444,828,975	72,447,438	119	0	4	29	73	31.07.22
977	Showtek	1,441,997,312	69,934,802	267	0	2	21	83	31.07.22
978	Pabllo Vittar	1,440,938,225	307,806,312	125	0	2	34	71	24.08.22
979	Kelly Rowland	1,439,718,750	614,405,577	126	0	3	13	49	16.08.22
980	The All-American Rejects	1,439,069,693	0	86	0	4	9	61	31.07.22
981	Jack & Jack	1,438,739,447	45,772,171	43	0	2	15	41	31.07.22
982	NIKI	1,438,350,024	232,197,218	55	0	5	26	53	20.09.22
983	Ben&Ben	1,437,489,824	17,825,818	57	0	4	30	53	31.08.22
984	The Head And The Heart	1,436,917,213	0	95	0	4	23	69	31.07.22
985	ONE OK ROCK	1,436,289,806	2,588,340	129	0	1	47	113	10.09.22
986	Melim	1,435,884,104	89,883,469	85	0	3	30	69	26.08.22
987	PLK	1,433,642,649	211,172,126	121	0	0	39	115	21.09.22
988	Jacquees	1,433,486,084	297,096,889	120	0	2	22	99	13.09.22
989	RÜFÜS DU SOL	1,431,266,723	11,103,276	148	0	2	32	93	31.07.22
990	Young the Giant	1,429,779,508	0	78	0	3	27	62	26.08.22
991	Gemitaiz	1,429,778,231	704,443,260	174	0	1	38	137	31.07.22
992	Central Cee	1,428,646,963	8,720,636	49	0	5	26	48	20.09.22
993	Empire of the Sun	1,428,482,992	230,676,529	108	0	3	13	56	31.07.22
994	Alanis Morissette	1,426,836,551	494,969	300	0	3	20	106	16.09.22
995	Icona Pop	1,426,680,056	222,797,489	121	0	3	18	63	31.07.22
996	Dustin Lynch	1,426,154,511	11,048,052	83	0	4	17	66	07.08.22
997	The Temptations	1,425,942,696	64,781,659	732	0	3	12	58	05.08.22
998	Simone & Simaria	1,425,339,491	238,959,423	122	0	4	24	84	31.08.22
999	Gotye	1,424,591,618	10,576,378	46	1	1	9	21	31.07.22
1000	Duke Dumont	1,422,096,182	24,622,115	121	0	2	16	53	31.07.22